(13,0.006450253601)
(41,0.0023579476910000003)
(61,0.0023579476910000003)
(81,0.0023579476910000003)
(21,0.0023579476910000003)
(77,0.012627424601000001)
(53,0.006450253601)
(97,0.012627424601000001)
(25,0.009832324601)
(29,0.014937424601000001)
(65,0.009832324601)
(73,0.006450253601)
(57,0.012627424601000001)
(93,0.006450253601)
(33,0.006450253601)
(37,0.012627424601000001)
(45,0.009832324601)
(1,0.0023579476910000003)
(89,0.014937424601000001)
(17,0.012627424601000001)
(69,0.014937424601000001)
(9,0.014937424601000001)
(85,0.009832324601)
(49,0.014937424601000001)
(5,0.009832324601)
