(84,0.008221814601)
(100,0.015937424601)
(96,0.011296424600999999)
(56,0.011296424600999999)
(52,0.004501536501000001)
(76,0.011296424600999999)
(4,0.008221814601)
(16,0.011296424600999999)
(80,0.015937424601)
(28,0.013837424601)
(48,0.013837424601)
(32,0.004501536501000001)
(36,0.011296424600999999)
(0,0.0)
(24,0.008221814601)
(64,0.008221814601)
(92,0.004501536501000001)
(40,0.015937424601)
(72,0.004501536501000001)
(20,0.015937424601)
(12,0.004501536501000001)
(8,0.013837424601)
(60,0.015937424601)
(44,0.008221814601)
(88,0.013837424601)
(68,0.013837424601)
