(19,0.014937424601000001)
(39,0.014937424601000001)
(15,0.009832324601)
(47,0.012627424601000001)
(71,0.0023579476910000003)
(55,0.009832324601)
(95,0.009832324601)
(79,0.014937424601000001)
(59,0.014937424601000001)
(35,0.009832324601)
(11,0.0023579476910000003)
(27,0.012627424601000001)
(75,0.009832324601)
(51,0.0023579476910000003)
(23,0.006450253601)
(83,0.006450253601)
(63,0.006450253601)
(67,0.012627424601000001)
(7,0.012627424601000001)
(3,0.006450253601)
(91,0.0023579476910000003)
(31,0.0023579476910000003)
(87,0.012627424601000001)
(43,0.006450253601)
(99,0.014937424601000001)
