(34,0.008221814601)
(82,0.004501536501000001)
(66,0.011296424600999999)
(22,0.004501536501000001)
(54,0.008221814601)
(98,0.013837424601)
(46,0.011296424600999999)
(30,0.015937424601)
(14,0.008221814601)
(50,0.015937424601)
(62,0.004501536501000001)
(42,0.004501536501000001)
(74,0.008221814601)
(90,0.015937424601)
(6,0.011296424600999999)
(70,0.015937424601)
(18,0.013837424601)
(38,0.013837424601)
(86,0.011296424600999999)
(58,0.013837424601)
(78,0.013837424601)
(26,0.011296424600999999)
(94,0.008221814601)
(10,0.015937424601)
(2,0.004501536501000001)
